26794
32088
35928
31526
31662
35624
29068
133752
57826
53890
104614
44490
37546
39574
75942
77444
34960
76726
76360
100888
75304
74710
90470
116438
115940
76552
52178
51128
90262
36782
52448
209696
209696
207020
217278
223972
217262
213528
206332
220028
230912
220428
118952
118426
29440
29408
57296
42026
43130
65030
63074
60014
61648
42608
152082
79228
77242
77242
47446
152540
104008
161066
109840
157116
96008
228532
167650
167650
150920
150920
277762
154460
103150
90158
152140
112226
150964
97028
228894
103074
103074
111804
111804
210014
148682
112324
112324
100524
100524
226548
116366
117658
106740
16050
103854
109414
119402
145074
110602
106910
111744
115566
62814
61748
65546
65546
118948
57810
60240
65576
69794
76548
76328
156446
116832
135194
80312
95952
95952
74042
91884
91884
114694
117288
117288
132284
182444
60422
63788
62700
58700
61274
66370
70940
77712
77322
66014
133650
183808
118380
119610
108768
111470
119304
112732
108882
114540
117652
153744
163076
159006
229464
156476
153968
152752
230072
150780
168712
104908
114110
81578
75426
116062
97300
93342
118658
105932
111696
98960
105058
114000
98880
152472
113714
102322
279118
211172
227688
157748
118128
136600
119016
47214
41068
48420
45490
45208
43520
43196
52538
47790
40070
48676
38398
50850
44952
44610
41624
41362
54032
48980
39714
48310
40018
43722
46182
45680
38602
41078
42330
37540
42314
42916
37248
38778
37690
43352
57256
33516
59994
56788
118650
57018
50574
48452
47528
42652
41116
32178
34648
34544
34026
36708
36652
35644
36742
36668
238940
236338
85048
88302
75254
127970
101816
87274
88588
76760
133292
90096
80126
131484
102430
89608
91734
76492
131958
105350
82516
81340
71704
126524
77874
69278
125332
92120
76016
127478
79472
72366
127202
83996
72976
123286
76564
68962
64308
68906
72378
64698
64482
67298
67318
56340
60864
65952
63094
55144
60824
80052
79654
68718
75608
75528
64260
69960
69516
59130
114390
70992
68444
69514
69966
72554
70934
63108
71204
67480
70220
66908
70336
102472
102744
163536
137774
137774
123412
123412
231750
173284
129656
173552
135892
135892
134640
134640
186608
162118
123498
174708
117560
150774
145434
145434
120984
120984
140040
140782
136092
136092
122596
122596
220878
147456
99156
129670
109010
140308
122950
127598
130900
126344
118874
125592
111100
127254
78534
80370
69304
67630
61948
74034
194106
145080
87674
189420
120550
139892
139892
103204
130310
130310
202612
171656
53642
53386
39702
55556
55314
38876
52844
52486
40596
54870
54560
40566
48106
47788
31260
52726
52580
33646
54322
53958
39208
49744
49488
36398
51860
51552
37154
51362
50970
46436
51078
50684
45234
48722
48372
44518
54574
54268
45742
50582
50290
46842
53010
52658
47486
50640
50316
46176
50452
50894
44698
50564
50208
43918
51152
70336
50484
42624
49222
47460
71038
38600
50004
51114
61300
51924
45330
47912
46612
43358
58906
48708
55328
49038
43396
42246
40228
50888
50888
35034
51852
51852
36470
52470
52470
36776
47842
47842
38554
50610
50610
38878
48788
48788
37324
47758
47758
34460
49044
49044
36064
49728
49728
53690
38736
40560
35018
35344
30636
36210
33724
31318
39836
36302
50590
40340
38562
40370
37296
41224
23226
26806
20286
41402
40610
39346
51304
60154
57628
59288
49296
55880
49478
43878
42780
50968
51658
52764
47966
50762
48848
48046
49160
49740
39882
65720
69472
63118
63342
89756
63518
65126
58068
65614
64856
42504
63480
42466
36848
39214
41644
41740
157144
41916
38828
39360
115498
120698
89682
149156
50612
47342
50240
50828
46826
49768
46240
48054
49008
119246
118118
113194
108926
110348
120694
115038
107744
100668
54710
53840
46864
52454
53996
50122
47922
53778
49148
52970
59032
59290
44078
56954
77350
84780
115860
114532
111074
81206
106844
83840
108646
117132
89984
111654
105550
99408
99408
30388
30374
50544
50962
72118
83262
189276
127424
129520
171120
85928
82590
82590
47712
62306
59044
68964
59588
75634
70280
64142
63746
64952
64564
81006
66106
61360
61064
59304
59016
70740
71110
55818
61144
62584
61594
61256
64366
63948
91524
59658
55548
61100
57406
60706
61688
66950
61092
51578
60068
58760
55964
58080
61350
58164
29144
59988
62102
63628
79378
50180
59534
55836
72248
67028
58784
79006
35476
41796
41708
33318
40896
40716
33732
40286
40172
34802
42490
42374
30392
39278
39248
170372
170372
64834
71938
53522
60654
60274
60112
52424
51994
73196
62864
71382
53488
61376
59074
68890
68628
55258
54904
79876
60506
72740
52916
65054
64750
65734
64704
73388
53888
72070
63052
65360
57210
63262
49700
58674
50390
51596
50648
51282
48380
49340
59206
76382
67760
74980
72206
26106
26378
60580
64740
23714
24034
71024
80516
35878
36438
60372
66626
59608
35888
43852
43760
36914
44946
44952
31670
40970
40972
32318
38448
38408
71554
74306
155994
155994
76708
94178
72128
76080
75474
91230
88046
83028
73836
73236
87950
95656
81726
79312
77644
75828
80004
70376
69996
89154
79610
71908
90484
77382
70820
88926
80216
76648
83852
77192
69648
70210
70640
78576
65988
73852
74696
68774
71262
53544
65522
54326
42342
50394
50494
74646
70546
70602
68198
75226
61786
73844
74866
70446
111978
112172
134422
147914
147914
130834
130834
142030
102562
104866
164992
139420
126728
111226
120864
149994
149994
157086
157086
195552
175322
143792
143792
127808
127808
187088
140580
123868
132510
111172
141592
109310
144052
90412
114096
148564
116576
79406
125320
114804
117988
106190
106602
122288
147810
167456
62306
45644
70416
57228
61352
65128
77292
47458
110594
160022
152572
65400
78046
78046
74734
87456
87456
66984
82712
82712
64554
82322
82322
67202
89380
89380
158542
225202
163848
188426
140114
156358
192398
131856
158706
168046
104660
94608
110052
98586
169762
174212
167290
164778
153072
156612
37640
38438
39096
38062
37922
38496
36926
33622
34168
32626
37170
37852
32556
37784
38418
37268
36190
36772
37112
37424
38252
38460
37886
38224
34646
31960
32354
33454
45066
45962
35468
31728
32694
33630
34512
35220
32656
48680
49522
34314
35932
36540
34828
34640
35444
32332
36246
35386
36596
33884
32352
36132
33060
35376
27106
17248
23462
27952
28452
22290
24872
34074
34850
26728
33392
34204
29712
33982
34760
26054
32302
33106
25826
33128
33996
28648
34100
34718
27086
33784
34628
23854
33016
33924
20076
26148
32370
32664
30640
27494
23954
25364
39808
27200
39358
28484
60758
30700
28158
39122
38848
37534
38934
37610
38656
40826
41728
72394
71174
74926
72120
72306
80664
73730
75078
54770
49788
52690
43614
47072
52822
53794
49136
51036
41200
116360
40448
45436
66148
63924
71240
62468
67986
63406
68320
64386
54200
47862
163572
164734
181556
147430
163138
193308
168418
87562
173272
171104
167662
84996
162558
163748
89374
126556
125948
65820
29180
28974
115120
52812
57356
61334
60288
70436
68616
54746
49056
144076
152476
111124
113968
91070
89352
89352
169682
172264
188394
155650
171588
202684
176976
183746
179440
178656
171646
172638
47916
68794
72758
68216
59376
59002
72898
72586
82360
68748
65108
64748
75066
74710
84320
58814
68774
69012
72468
63700
57714
57330
80326
79496
77040
62376
71042
70248
74650
71226
74314
66784
68140
71954
69144
74354
59046
58648
73488
73090
92952
50822
60820
49906
108892
48588
118928
46330
45264
66920
50030
133700
47472
53958
121120
123164
48474
123440
45816
51570
45406
134618
47022
75464
80808
62220
51924
58692
66730
71000
70896
65828
81076
29914
29672
42532
29314
43138
43036
33614
45966
45970
33794
41832
41844
27766
36466
36330
144094
144094
77138
40152
149398
102384
102384
127842
127842
174592
123938
129218
158242
141528
66668
134274
120928
132598
132598
138184
138184
259964
129666
138108
123850
73142
135512
141202
110968
110968
134702
134702
226890
200444
153618
153618
202144
202144
229064
123532
127620
112966
133006
149262
131448
118178
111150
107892
101378
116270
113408
108048
118554
107018
98566
104002
109686
63734
60800
63750
65824
65782
58352
71666
58370
25014
96744
144714
116332
122780
97646
139276
139276
97048
136768
136768
113290
154450
154450
168296
168296
170528
161246
60978
65116
62120
64958
67324
59950
72564
59602
29496
119330
112210
109264
103028
117282
113912
109684
118884
108594
102174
105624
112572
151492
125808
160432
164260
123078
131794
125894
143780
201710
124110
116414
151424
104386
134650
112354
154934
98256
97504
113902
139500
133518
155018
169010
131460
143670
136448
140046
137674
129478
135172
133720
130188
140252
136724
203410
175758
261332
228070
230054
97946
145942
117830
124036
51642
38504
47564
39662
50260
37130
47116
45472
45252
38370
38044
53326
51954
39582
48898
43352
51570
47862
47546
43896
43612
54870
46654
36522
53544
39498
49602
37864
37898
38576
38370
42262
51976
35570
35248
39034
39100
52902
50456
39448
32270
28622
30006
32862
32774
34696
31094
28482
32826
32102
29600
33222
59556
50448
51598
52742
46102
49258
52318
52740
116472
115588
44524
48936
32726
43266
40468
23628
30706
30550
22740
27774
27676
20450
26276
26242
22514
29220
29110
277226
288324
78996
86162
69870
88338
88106
78524
85544
72034
87326
86810
73622
87516
84138
64164
82950
89174
78428
87842
87418
89380
89798
69168
93276
91172
63130
86126
85702
77334
84968
71068
84520
91020
62342
86994
84502
63044
88192
87176
73498
88620
91522
82598
91642
91100
107308
73340
68934
71126
68080
71658
73812
75710
70440
69584
73480
67214
70796
55110
65550
61478
39842
55486
51708
68352
65386
102460
75742
74882
72004
76270
74780
69310
73564
63446
71660
68114
61836
62014
67968
90020
65718
59370
103420
218936
218060
196834
261568
260452
215448
240152
239150
165396
276964
276334
198946
169182
168062
177178
179718
178074
206146
213594
212538
192710
222404
221368
197560
217546
216426
197434
206904
205834
176370
205246
204250
189248
267420
266176
190444
151608
150318
174094
173448
174900
165182
156056
154970
177424
142222
140894
169948
163666
162622
172694
159804
158498
183968
153886
152672
201378
163834
162574
154728
157314
156202
172700
148520
147222
181834
152212
151016
175308
152520
151138
164626
104728
109010
104538
109638
111850
110330
101366
106458
101746
108968
117328
119348
79504
74258
88692
85366
81684
144946
144114
87354
137334
201994
201144
121932
199242
198612
150814
193256
192596
122198
188474
187716
140512
194076
193436
144458
198494
197780
162058
195096
194586
129272
187400
186864
131164
193620
193168
102710
194222
193768
102232
196450
195940
106206
201520
200936
128478
127806
174382
160134
191940
160064
141232
176334
159684
168618
179348
163376
166140
197818
198126
151858
211832
174420
180918
164304
194790
185764
147734
145716
175478
193784
163648
172878
88066
203072
183510
273632
190474
184520
212852
211926
202948
128592
177674
67616
64334
64514
59720
142980
61180
62314
66582
82728
61298
62260
60806
51192
122896
60370
123586
125808
44654
107412
43934
116996
45170
110912
113294
46310
139382
46984
130602
47266
121120
48624
120830
43162
132338
135494
44036
107518
107382
43876
129502
37794
120300
41816
73072
73638
81984
68258
67354
71534
68444
68422
76326
70716
72632
67880
67370
69792
71892
71688
150680
65898
59048
60424
66540
60644
58390
62026
60658
62624
79186
79186
79960
79960
54020
55694
50954
55310
47068
50150
52406
51124
52324
76212
86050
72644
127448
100984
107678
129048
99320
126744
126964
123846
134892
130242
121918
87782
86532
37688
29056
28882
59616
53512
70504
65974
61074
135664
83480
81270
81270
78290
79050
47288
71988
71964
72076
65450
78928
65144
74126
67062
79560
66798
66370
67894
67810
73344
77858
67398
86838
59834
59300
68222
67720
91416
82140
66842
66504
72422
73488
83040
75134
74014
69240
70022
68224
68128
65980
66902
28474
69534
73066
71984
64236
55802
91540
62336
68320
31774
114862
84652
63834
61660
76492
69594
30444
38282
38244
28748
36038
36006
25652
31970
31818
32378
40228
40134
75826
81408
153414
153414
69128
127054
128524
128524
172112
172112
160766
118908
154540
125920
113658
113658
150492
150492
125154
122280
152270
112498
156090
131408
112518
112518
161230
161230
161218
116876
157812
128080
159870
143036
152408
107970
99422
105348
94820
101932
108710
109812
108582
109840
43840
67930
74766
62094
65022
59328
64186
131380
103758
140678
54210
70318
70318
53070
68842
68842
57306
74986
74986
135168
172658
57044
45290
68792
75828
63822
66492
61778
65942
136478
173854
109562
100250
106052
94356
103798
109320
113214
111822
110882
128566
120492
128918
122486
114100
134384
117556
131700
144264
129718
114916
114008
55494
54414
58692
71632
70136
76402
154084
151196
157948
157912
160188
151474
176122
151682
161416
162596
126996
163394
132496
105026
142010
89478
77430
80664
80240
88278
84174
74364
70410
70032
74588
91294
78394
72850
92904
76140
67182
83100
69568
79948
79506
83240
85960
74874
70190
84910
75896
74598
85940
68292
66680
85394
73184
81452
72400
70024
63512
69024
68228
68248
69240
70970
67120
55394
54792
52776
77458
38582
57934
72164
71646
62758
65868
65540
64222
72984
73390
64320
60784
70074
72384
65652
74822
72266
66530
69888
72116
71822
112914
77836
149304
134438
157070
133458
133458
155148
155148
144274
137660
148282
143390
137144
137144
141684
141684
148242
144614
131140
141360
143594
143192
147466
152006
139494
159134
140936
140936
142516
142516
170714
114512
98700
117930
107132
94710
103602
107958
100508
113282
50406
76202
65436
64708
70024
66762
102240
113374
141730
99704
130056
130056
104258
109844
109844
200728
155366
66200
65864
63840
64030
63722
66304
62956
62512
70624
59298
58886
61028
65102
57400
64762
63634
63246
62908
61320
65740
65362
58404
62940
62576
65030
61904
61618
62626
48390
58638
40736
47318
41148
47950
44144
46390
44650
43298
39910
76064
69096
72034
71938
65512
65100
71914
110408
109988
65284
58300
66982
66900
54448
60548
60518
55626
68058
68038
55154
69052
68956
54472
60420
60496
56076
55064
54890
55452
67842
67528
60722
55430
55314
58972
61368
61264
68034
63348
50762
44666
63400
56562
52272
45950
48360
40272
36810
44940
30126
78358
40678
55618
54512
41676
56926
50544
64218
74582
74358
52534
53906
53948
51518
34502
24716
31306
40804
55652
45742
58534
50068
40830
58048
47498
54584
53716
67418
68168
70640
64766
69490
66326
68528
68678
71418
53420
44882
43802
46672
45532
40034
44758
49304
48684
52178
52318
44218
51116
72152
60724
74234
61992
76110
71558
62134
73568
72948
87968
88166
139598
137352
133572
141016
129308
135326
150552
137074
147306
152948
140310
74782
58654
150126
147814
143510
152328
138226
146478
149340
135738
146066
151666
138840
119206
118514
28826
28886
56998
50332
51298
71104
57820
148374
125938
81492
79012
79012
43972
62456
45430
62158
51082
50602
42122
42278
78780
61830
59084
58696
47242
46950
88582
66100
68054
49092
55814
44752
55770
49772
64098
56040
55660
49666
49220
68480
54954
47900
63674
47828
67160
53138
53008
46250
48642
44310
38424
46858
46600
44462
69594
48294
46938
30314
44134
46792
52668
48494
84096
61670
58056
45034
67822
114600
117458
57622
47588
71546
79892
49120
80588
57654
70346
76770
60506
30616
43280
43114
27202
39722
39570
27502
38312
38228
28990
39632
39550
29728
43348
43294
162410
162410
64178
43878
55136
66158
65608
67316
67064
59434
47010
64336
50462
67720
49942
69194
51826
62812
55942
62132
61732
68494
68248
76628
50642
65886
52288
64004
62318
54634
54198
67970
67558
72782
62380
67076
66598
69336
68948
73206
55136
66098
50848
49622
55560
52258
58986
48250
48882
48552
50544
58210
51662
76014
53954
74092
87894
53344
49412
35886
33700
23972
73874
52140
45844
59946
60474
56062
28116
42372
42312
28714
38464
38386
27298
39600
39514
31018
44788
44680
81468
74332
152394
152394
66180
88368
40710
44342
39388
45194
38376
45814
44974
47818
47618
47770
47494
60762
41422
46158
45968
48258
47968
53012
41184
46614
40482
50948
41890
41300
41078
45090
44806
48654
38278
50134
42056
44574
39090
40794
40508
43992
43682
56062
42072
41180
41210
41912
42102
42862
44650
43382
43768
43822
41888
47554
47024
61040
66608
62802
42216
42544
52808
52222
60648
63842
49880
50506
45478
46056
37042
35794
51582
44028
40676
49194
20862
28198
28104
21590
27594
27528
180776
210238
72238
86966
89134
71844
71300
69780
88064
79440
62032
61424
88508
88152
80032
74040
73492
79514
84466
87042
75844
75210
76022
94132
81412
79910
79400
87904
84924
81286
54532
81254
91950
70810
86270
77078
63262
85092
80886
54902
93788
78382
81462
79212
75258
60726
70710
73604
71176
70916
67542
70806
67126
68582
72330
69224
69500
52652
65222
57424
55144
59020
74790
74290
58812
74826
74296
60810
72992
54872
65494
70042
72006
62854
72460
60370
70190
66628
72068
69526
70478
64834
71048
72920
104368
104542
47338
137304
55102
54724
43440
59200
50280
48740
58794
55836
48256
59152
56608
44926
57128
51790
44382
55410
51530
45000
50368
51976
47192
57328
54406
45854
54128
53038
41384
51712
48386
47752
56208
55706
40856
53212
38890
49696
43636
57968
48314
42416
45036
41664
41450
42994
45274
43688
62674
54234
65098
55970
62996
51968
60120
92622
94644
50028
51442
47528
48642
49280
44962
46108
49092
49868
50744
48686
50468
51194
44890
48508
49410
50056
50930
51948
46794
48376
49436
47426
45654
46646
51446
47442
48218
51350
46752
47552
46200
48862
49830
63016
54840
55552
58364
62028
56640
41364
54996
66172
50192
61718
53488
56728
33188
31304
34496
29966
26056
69528
97190
60512
65628
59504
34620
35368
37730
32630
37646
35374
37308
35800
37208
34432
35470
33020
32750
33398
36330
35098
34266
33478
32046
31170
35630
35904
31184
29268
33248
36780
32062
34378
32430
31420
32286
34664
32746
28926
29226
29862
27614
39196
33878
31210
32992
29084
33416
32152
33176
32486
30758
30978
33152
33448
32178
31512
32056
29996
34322
30416
33730
30312
31698
31430
40808
35298
36418
38316
39820
37508
37858
42630
32994
39720
36340
38602
22620
21066
23142
20302
17574
45808
61562
38688
41226
36324
86276
70898
75184
67100
68526
63794
69990
64334
66800
65688
74224
59490
70158
63042
71182
56334
68458
60306
68092
63898
66974
64532
75400
62328
75462
75462
64002
75894
75894
66112
76008
76008
66020
72988
72988
68610
74158
74158
59964
76592
76592
60626
80472
80472
59434
72350
72350
59274
73774
73774
64536
75494
75494
67130
76370
76370
63446
54002
51970
61720
63788
52234
54654
65184
51648
61368
53544
53016
55060
56064
55362
58054
46766
56182
54912
52568
51500
53654
55194
40234
34988
43884
36994
35372
39318
70422
71510
68120
68120
64286
64286
67934
67934
67982
67982
62334
62334
67720
67720
67386
67386
66526
66526
66642
66642
63598
63598
65824
65824
71488
56664
64294
67130
70602
77538
73436
59130
143844
67226
89616
48472
52150
52170
45524
47040
50184
53226
111520
44920
66250
54414
47020
49528
49624
48912
45768
52694
134544
69432
45970
61802
135786
94964
48370
68174
49016
50108
75234
55466
80008
73438
63046
50774
50198
33758
46542
29992
48694
46618
47502
51502
47378
44604
48054
45138
44662
45650
43606
122988
131620
140432
134390
106674
99340
129916
105202
128906
102156
86600
115422
117202
114588
138256
135716
132406
121824
125088
140266
158594
112752
130234
118990
124564
78636
64700
77946
65402
63006
54866
51992
59680
171180
156800
144636
154016
163124
153366
